       dia  posiciones  sin_trazado  sin_trayecto  fuera_de_ruta  ambigua  dist_p50_m  dist_p90_m  dist_p95_m  dist_p99_m  seg_rastrear  seg_emparejar  fuera_en_top10_celdas  fuera_0_a_6h  fuera_7_a_22h                                                              top3_celdas  antes_de_vigencia
2026-08-15       21771       0.0097       0.00225         0.0254   0.0081         3.7        13.0        19.7       119.0          22.7            0.8                  0.669         0.033          0.022       [(39.468, -0.378, 91), (39.484, -0.392, 86), (39.473, -0.369, 79)]               True
2026-08-16      282424       0.0110       0.00007         0.0838   0.0214         3.8        25.3       621.6      2988.5         260.2           10.6                  0.701         0.449          0.051 [(39.481, -0.335, 4448), (39.451, -0.406, 2930), (39.481, -0.334, 1784)]               True
2026-08-17      402409       0.0076       0.00000         0.0887   0.0206         4.0        29.5      1083.2      3158.0         346.8           23.7                  0.682         0.544          0.041 [(39.481, -0.334, 4587), (39.481, -0.335, 4303), (39.451, -0.406, 2982)]               True
2026-08-18      104531       0.0028       0.00000         0.0433   0.0100         3.7        15.0        36.3      1720.8          89.7            3.8                  0.658         0.465          0.026     [(39.481, -0.334, 795), (39.481, -0.335, 510), (39.48, -0.333, 345)]               True
2026-08-19      400674       0.0075       0.00063         0.1098   0.0229         4.1       115.8      1719.9      3075.5         350.1           28.3                  0.711         0.569          0.048  [(39.481, -0.335, 6579), (39.481, -0.334, 5129), (39.48, -0.334, 3903)]               True
2026-08-20      385958       0.0082       0.00035         0.0984   0.0238         4.0        50.5      1306.0      3198.2         339.0           23.7                  0.659         0.545          0.043 [(39.481, -0.335, 5200), (39.481, -0.334, 4387), (39.451, -0.406, 3308)]               True
2026-08-21      199668       0.0041       0.00011         0.0874   0.0266         3.9        26.6      1383.4      3104.9         167.5            7.0                  0.794         0.487          0.038 [(39.481, -0.335, 3248), (39.481, -0.334, 2400), (39.451, -0.406, 1699)]               True
2026-08-22      339095       0.0098       0.00066         0.0882   0.0188         3.9        29.5       781.2      3118.8         305.7           26.0                  0.657         0.462          0.049 [(39.481, -0.335, 7036), (39.451, -0.406, 2317), (39.481, -0.334, 2063)]               True
2026-08-23      293652       0.0120       0.00021         0.0846   0.0181         3.9        26.2       619.1      3117.7         272.5           30.5                  0.693         0.469          0.048 [(39.481, -0.335, 4225), (39.451, -0.406, 3053), (39.481, -0.334, 1816)]               True
2026-08-24      384405       0.0094       0.00084         0.0898   0.0223         3.9        29.7      1083.0      2722.1         370.9           12.9                  0.708         0.524          0.043 [(39.481, -0.335, 5334), (39.481, -0.334, 3983), (39.451, -0.406, 3072)]              False
2026-08-25      378479       0.0079       0.00034         0.1074   0.0263         4.1        98.5      1910.4      3238.0         367.5           12.8                  0.717         0.573          0.042 [(39.481, -0.335, 5649), (39.481, -0.334, 5095), (39.452, -0.407, 4169)]              False
2026-08-26      382808       0.0081       0.00014         0.1110   0.0279         4.0       122.5      1885.5      3167.8         388.8           16.5                  0.718         0.557          0.041 [(39.481, -0.335, 5292), (39.481, -0.334, 4761), (39.452, -0.407, 4630)]              False
2026-08-27      358142       0.0090       0.00023         0.1075   0.0280         4.1        94.5      1909.5      3903.7         355.3           19.5                  0.594         0.570          0.054 [(39.481, -0.334, 3918), (39.452, -0.407, 3805), (39.481, -0.335, 3672)]              False
2026-08-28      364187       0.0086       0.00026         0.1223   0.0318         4.2       399.9      2091.4      6008.9         362.1           20.5                  0.589         0.575          0.064 [(39.481, -0.334, 5152), (39.481, -0.335, 4969), (39.452, -0.407, 3423)]              False
2026-08-29      311877       0.0097       0.00093         0.1192   0.0264         4.2       211.8      2089.0      7690.6         283.5           17.3                  0.487         0.492          0.076 [(39.481, -0.335, 5453), (39.451, -0.406, 2329), (39.481, -0.334, 1786)]              False
2026-08-30      272453       0.0123       0.00026         0.1250   0.0298         4.1       402.7      2139.8      8033.9         250.1           12.0                  0.489         0.485          0.091 [(39.481, -0.335, 4633), (39.451, -0.406, 3286), (39.481, -0.334, 1933)]              False
2026-08-31      447967       0.0215       0.00014         0.1006   0.0246         4.2        63.9      1688.8      3164.3         363.2           21.1                  0.640         0.565          0.047  [(39.481, -0.335, 7296), (39.481, -0.334, 4367), (39.48, -0.334, 2831)]              False
2026-09-01      449218       0.0222       0.00019         0.1118   0.0269         4.2       123.7      1801.2      3196.8         378.2           15.1                  0.663         0.577          0.045 [(39.481, -0.335, 6173), (39.481, -0.334, 5070), (39.452, -0.407, 4781)]              False
2026-09-02      439397       0.0258       0.00006         0.1086   0.0250         4.1       101.0      1759.6      3183.5         365.8           14.8                  0.665         0.574          0.045 [(39.481, -0.335, 6751), (39.452, -0.407, 5732), (39.481, -0.334, 3680)]              False
2026-09-03      434978       0.0241       0.00206         0.1162   0.0263         4.2       249.5      1874.8      3386.7         376.1           21.0                  0.660         0.577          0.046 [(39.481, -0.335, 6210), (39.452, -0.407, 5447), (39.481, -0.334, 4062)]              False
2026-09-04      434344       0.0240       0.00005         0.1088   0.0238         4.1       108.0      1805.0      3329.4         381.7           25.5                  0.638         0.575          0.048 [(39.481, -0.335, 6182), (39.452, -0.407, 5160), (39.481, -0.334, 3510)]              False
2026-09-05      300882       0.0104       0.00064         0.0976   0.0274         3.9        47.9      1276.8      3185.0         279.6           11.6                  0.626         0.465          0.055  [(39.481, -0.335, 6158), (39.452, -0.407, 2599), (39.48, -0.334, 1705)]              False
2026-09-06      264013       0.0121       0.00025         0.0952   0.0192         3.7        40.3       639.9      3177.2         255.5           10.1                  0.621         0.465          0.052 [(39.481, -0.335, 4192), (39.452, -0.407, 2269), (39.481, -0.334, 2038)]              False
2026-09-07      440685       0.0242       0.00006         0.1238   0.0253         4.3       171.4      1868.8      3936.0         396.7           16.4                  0.584         0.576          0.062 [(39.481, -0.335, 6918), (39.481, -0.334, 4341), (39.452, -0.407, 3757)]              False
2026-09-08      442674       0.0271       0.00016         0.1149   0.0265         4.3       109.6      1516.4      3151.4         372.9           16.4                  0.602         0.574          0.052  [(39.481, -0.335, 6532), (39.481, -0.334, 4656), (39.48, -0.334, 3581)]              False
2026-09-09      423450       0.0273       0.00072         0.1302   0.0280         4.4       331.9      1956.9      3896.3         367.5           14.4                  0.619         0.596          0.055 [(39.481, -0.335, 8335), (39.452, -0.407, 3696), (39.481, -0.334, 3662)]              False
2026-09-10       60509       0.0589       0.00021         0.5523   0.0885       382.1      2691.6      3282.7      4104.0          66.2            2.6                  0.805         0.809          0.128  [(39.481, -0.335, 6657), (39.45, -0.406, 3345), (39.481, -0.334, 3124)]              False
2026-09-14      149547       0.0110       0.00009         0.0369   0.0106         3.8        16.9        35.0       412.1         149.3            9.0                  0.538         0.039          0.036    [(39.484, -0.392, 688), (39.484, -0.329, 513), (39.481, -0.335, 405)]              False
2026-09-15      409694       0.0306       0.00010         0.1256   0.0248         4.2       251.6      1718.1      2909.5         367.6           15.0                  0.617         0.586          0.054 [(39.481, -0.335, 9409), (39.481, -0.334, 3365), (39.452, -0.407, 3242)]              False
2026-09-16      395653       0.0295       0.00037         0.1440   0.0269         4.4       558.1      1890.3      3417.9         343.7           12.7                  0.611         0.615          0.087 [(39.481, -0.335, 9858), (39.452, -0.407, 4085), (39.481, -0.334, 3596)]              False
2026-09-17      363623       0.0323       0.00450         0.1201   0.0203         4.3       124.9      1492.8      3369.9         300.4           18.4                  0.595         0.563          0.060 [(39.481, -0.335, 5361), (39.481, -0.334, 4030), (39.452, -0.407, 3256)]              False
2026-09-18      124585       0.0536       0.00356         0.2737   0.0338         6.3      2051.5      2719.6      4104.7         118.2            6.3                  0.676         0.668          0.076  [(39.481, -0.335, 5284), (39.45, -0.406, 2994), (39.452, -0.407, 2771)]              False

  Antes y después de la vigencia del feed (24/08):
                   fuera_de_ruta  ambigua  dist_p50_m  dist_p95_m
antes_de_vigencia                                                
False                     0.1366   0.0283     20.6565   1758.0565
True                      0.0788   0.0189      3.8889    841.1556

  Grupos con trazado distinto según el día: 19 de 146

  Grupos con >= 1.000 posiciones: 101 de 165, con el 99.89% de las posiciones. Sospechosos (cobertura < 0,8, distancia > 10 m o avance < 0,8):
                                                    dias  posiciones  cobertura  dist_mediana_m  avanza  cobertura_otro  avanza_otro  fuera_de_ruta
linea trayecto                      shape_id                                                                                                       
14    Est.del Nord - Castellar      983_2279_2376      6        6525      0.405            2.95   0.998           0.325        0.007          0.432
16    Poeta Querol - Vinalesa       1022_2014_2391    32      234676      0.785            3.10   0.988           0.494        0.010          0.221
18    Hosp. Dr.Peset - Universitats 1062_2320_2326     9       57092      0.743            4.00   0.994           0.613        0.037          0.288
24    El Palmar - Pta.de la Mar     1049_2172_2253     9       30763      0.669            1.90   0.972           0.481        0.975          0.401
      Pta.de la Mar - El Palmar     1049_2253_2172     3        4971      0.421            2.40   0.992           0.421        0.992          0.589
28    Est.del Nord - C.Art.Faller   1034_2277_1326    30       95709      0.790            3.55   1.000           0.432        0.157          0.216
30    Hosp. Clinic - Natzaret       982_1382_1585     32       68923      0.746            3.30   0.997           0.434        0.014          0.278
40    Universitats - Est. del Nord  1030_2278_1282     8        1169      0.000          826.00     NaN           0.000          NaN          0.998
6     Torrefiel - Hosp. La Fe       1057_2158_2085     4        1229      0.000         2602.50     NaN           0.000          NaN          1.000
73    Sant Isidre-Misr-Est.Nord     962_1936_2312      4        1387      0.759            3.60   0.993           0.700        0.974          0.236
81    Blasco Ibañez - Est.del Nord  1041_1210_2278    32      164860      0.788            4.40   0.999           0.214        0.008          0.195
92    La Malva-rosa - Campanar      1064_1162_1272     9      101072      0.764            3.90   0.998           0.682        0.051          0.274
98    Est. Cabanyal - Av. Cid       1055_2271_487      5        1467      0.704            3.00   1.000           0.684        0.005          0.276
C2    Av. Arago - Est. Autobusos    996_1057_346      32       58565      0.733            4.40   1.000           0.104        0.611          0.264
      Blasco Ibáñez - Pl. Espanya   651_166_691       32       61285      0.710            5.25   1.000           0.486        0.000          0.277
C3    Campanar - C. Benlloch        1075_1266_229     32      225843      0.659            2.80   0.999           0.816        0.007          0.343
